fold	epoch	train loss	valid loss
1	1	0.8527887518447101	0.5689292990803297
1	2	0.6110707811154147	0.5152615210298094
1	3	0.5570946326373276	0.5088374129769659
1	4	0.5228490648746584	0.5243117500741574
1	5	0.506081195744899	0.5156477828223798
1	6	0.4870884420886244	0.4864257356092702
1	7	0.4754524396642498	0.49032453681891885
1	8	0.4604522939296063	0.48549689689499753
1	9	0.4477501918064832	0.4603936904416067
1	10	0.4410288066877119	0.46735925982992554
1	11	0.4227721038452541	0.45594895960164156
1	12	0.41704788342159216	0.45960761585631554
1	13	0.4073812878150588	0.4524475182324332
1	14	0.4012336210206204	0.4529832572587387
1	15	0.391218409378083	0.44087723987473193
1	16	0.3823144286110395	0.42664039508824636
1	17	0.37613086390422756	0.44394981676824524
1	18	0.37091512691403633	0.4391025737085949
1	19	0.3633168539698563	0.4195417742847133
1	20	0.3581901080891765	0.4291924003366868
1	21	0.35384348206862687	0.4273896365304718
1	22	0.35153712114318475	0.43228869619302107
1	23	0.34362205886985914	0.4400930921201571
1	24	0.33871171354054	0.4109235221105414
1	25	0.3368079742269746	0.4281291386158643
1	26	0.3271620781206598	0.42781193533339684
1	27	0.32525059804583606	0.416947513660778
1	28	0.3213259022687293	0.4303390267880982
1	29	0.31869934830985724	0.4290195777749004
1	30	0.3128959071293362	0.427991039972002
1	31	0.30927908487258166	0.4145827257064543
1	32	0.30923186401420827	0.41594264959067423
1	33	0.3036813958455499	0.4410997865056823
1	34	0.30281900683828183	0.4247693558463781
1	35	0.29924922834015566	0.4335113907555388
1	36	0.2940002031767654	0.42582140668120905
1	37	0.291791613763297	0.4186876158200389
1	38	0.29150616930754547	0.42242565387761216
1	39	0.2868586440775785	0.4277954806076764
1	40	0.28771448290121054	0.4196398379314072
1	41	0.2843800778535473	0.41743495307415196
1	42	0.2811518360147253	0.43459078769591164
1	43	0.2795284898007529	0.4138407391815219
1	44	0.2756944167547288	0.4236520688862346
1	45	0.2726779295578394	0.42037574304498126
1	46	0.27176562096436535	0.417435478985099
1	47	0.26910915767790805	0.4083087336364146
1	48	0.2713980006414579	0.43045258985391355
1	49	0.2672333363977469	0.4245892616232377
1	50	0.266830198604264	0.414869213693976
1	51	0.2655607427908806	0.42726730536866947
1	52	0.2634792212216958	0.416208985784871
1	53	0.26210407629860677	0.4164354615834914
1	54	0.26123225391437643	0.42113534700744143
1	55	0.26151363324618215	0.41937372704487386
1	56	0.2583121450264687	0.43718281693677596
1	57	0.2586876484995081	0.4129199934827144
1	58	0.25387938518382824	0.435914985230028
1	59	0.2572955012812912	0.4148352448910791
1	60	0.2503416534552726	0.4067454605030929
1	61	0.2534026453980147	0.41826770072901626
1	62	0.2512314502262442	0.41577682788928066
1	63	0.25441333175899	0.42393336984799523
1	64	0.24913854309927028	0.4163043526373145
1	65	0.24811126967481786	0.41166416816281765
1	66	0.24779087245686643	0.4127867906864456
1	67	0.24481432643306925	0.4186041627882226
1	68	0.2464126901862712	0.4259050107781542
1	69	0.24620835804265295	0.4352067951705346
1	70	0.24731744171171785	0.42104534804821014
1	71	0.24222286061932632	0.41795984810948794
1	72	0.24195808891834444	0.4245148509108978
1	73	0.24168732408090438	0.4216720198573999
1	74	0.24360121330842346	0.41374289726200036
1	75	0.24028055493884054	0.4213164265501204
1	76	0.23735019291411394	0.42113600128952267
1	77	0.24183896032440275	0.4212653699590966
1	78	0.2371159633544786	0.4112891851276054
1	79	0.23988224907065542	0.43041762367364794
1	80	0.23731724212613817	0.42597542587312287
1	81	0.2318289197592301	0.4109382418250869
1	82	0.23878452868954453	0.4166626887060307
1	83	0.23741940691523053	0.42435032466275113
1	84	0.2349946027293269	0.4223874987961968
1	85	0.2342501761143845	0.4163770300234165
1	86	0.23382247443825394	0.42100744575999227
1	87	0.23731181762079936	0.414123320274134
1	88	0.23189842574002933	0.417604323200118
1	89	0.23087533472985625	0.41416073240366086
1	90	0.2315452491559606	0.4248992718571909
2	1	0.8413503861481132	0.541320852908987
2	2	0.6063880824462358	0.5726251707481411
2	3	0.5538900850635442	0.5301129595761586
2	4	0.5249276228298803	0.4982426940025795
2	5	0.5037251030364409	0.5030053891899728
2	6	0.48304058391415094	0.4674921455947755
2	7	0.46928127177869944	0.48149145934270043
2	8	0.4567027411298935	0.4526500110070191
2	9	0.44603896555265915	0.4558813894700667
2	10	0.4318733818165031	0.44544759982466275
2	11	0.4212413391922566	0.4251582865264306
2	12	0.413756533684944	0.431283112918109
2	13	0.40734673712386493	0.41991263564820847
2	14	0.39585083909698404	0.4314712918373384
2	15	0.38924103250129577	0.422302589294346
2	16	0.38628009865576024	0.4206003224997133
2	17	0.3736390260256268	0.42313273682821767
2	18	0.3700879758123702	0.42476866175766126
2	19	0.3626282928232871	0.4291755858769265
2	20	0.3577033965159127	0.4277914169609757
2	21	0.3510956530611703	0.4287341749920862
2	22	0.345826953491558	0.4194099141725803
2	23	0.34271808590522035	0.41704363415392887
2	24	0.3371102285703398	0.4529927825232698
2	25	0.3340398604244076	0.41602507691711926
2	26	0.32891485766366174	0.4189041790819
2	27	0.3228396741570236	0.42224835512284253
2	28	0.3188660411119555	0.4300523425580756
2	29	0.3173525036551412	0.4107326417108307
2	30	0.31089121638897776	0.4106498015748317
2	31	0.30962663597577594	0.40976928932717327
2	32	0.30503630935326714	0.41463598393088097
2	33	0.3029733649511687	0.41221337778618816
2	34	0.29994756097436936	0.4127146002997779
2	35	0.299028352915094	0.4293871002252026
2	36	0.29219206609197534	0.408604174062557
2	37	0.29107657707657214	0.4119842219373784
2	38	0.2898407826557738	0.41198119905517294
2	39	0.28632218012762484	0.40925750741899647
2	40	0.2854524882320895	0.4192265368497835
2	41	0.27932442707153315	0.41447433444931314
2	42	0.2825722106190162	0.41119913088138027
2	43	0.2761678025535991	0.4086492088468673
2	44	0.27447658258592283	0.4151124536148651
2	45	0.2725580770670081	0.42157388381107114
2	46	0.27275489513189316	0.40811741067748186
2	47	0.2681438658294324	0.4169268701291337
2	48	0.2679549184560916	0.4004272081405451
2	49	0.2668271564184145	0.4040779816282933
2	50	0.26697008562148855	0.4140879044263186
2	51	0.25981536740747957	0.4082852084939977
2	52	0.26091850928385957	0.4217713453112558
2	53	0.2622673714282609	0.39682713635397465
2	54	0.2560417142963241	0.4084425263185804
2	55	0.25838117942968725	0.40880352558811645
2	56	0.25810286618292355	0.40830840949666797
2	57	0.25499819581549354	0.41446999394640904
2	58	0.2547122849978603	0.4183662007743815
2	59	0.253542439930922	0.40809407482720095
2	60	0.2513590053595605	0.40682488332367617
2	61	0.25320865040696927	0.40368981159196726
2	62	0.25320661942316214	0.4107425730451678
2	63	0.2467091453013394	0.4039883506171695
2	64	0.24732025775621114	0.41444017888168566
2	65	0.24731625400375373	0.4145218858449282
2	66	0.24232966293119007	0.4065483741119978
2	67	0.24390277217065862	0.4170496969783264
2	68	0.2436216023911857	0.40955263044514
2	69	0.2437819605733443	0.40833407416676465
2	70	0.24288054841157733	0.4067353403505083
2	71	0.2438538686277635	0.4057776137607258
2	72	0.24448268411262017	0.40008305623969426
2	73	0.2392499046871884	0.40317810282058514
2	74	0.23882336464930293	0.41198315724151297
2	75	0.23939791136001856	0.4045214631426882
2	76	0.2374281695966024	0.4236512971851093
2	77	0.24158771270260793	0.41103508283940304
2	78	0.23762644050422724	0.41223355543276446
2	79	0.23627313581000228	0.4127397526700589
2	80	0.23662353921308674	0.42038217876698863
2	81	0.2395916196485103	0.4165379826255906
2	82	0.2352299996255705	0.4138401039076357
2	83	0.2329889443671184	0.4115773574202305
3	1	0.8226511705188504	0.620281945795558
3	2	0.5919172464748154	0.541836154755771
3	3	0.5467179404739122	0.5232568560135238
3	4	0.5237196001016162	0.5039637990743449
3	5	0.500667443673752	0.5174733566732372
3	6	0.48848608796110704	0.4883827231692762
3	7	0.4690521343296352	0.4654096935220826
3	8	0.4558389327680077	0.46480746946360113
3	9	0.4437439835183893	0.5023505152746139
3	10	0.43236958319456564	0.5088453753571628
3	11	0.4191756496943817	0.45759086447764624
3	12	0.4129971607343609	0.4692412746458087
3	13	0.40136402920853825	0.44719624914255246
3	14	0.39381181119608794	0.4445575048139997
3	15	0.39746971842607987	0.4456222578093357
3	16	0.3776790870607344	0.44348494582167786
3	17	0.3729495348055596	0.44033795942687315
3	18	0.3666113777562221	0.4365907155582846
3	19	0.36255352405014346	0.4341340858502439
3	20	0.3555430796247489	0.4433143215234204
3	21	0.3511907263660038	0.434385918317751
3	22	0.3508452497829303	0.4375299075256388
3	23	0.3386015132900355	0.434144310521574
3	24	0.33677141208671146	0.42683613052848374
3	25	0.3312487845057874	0.43724769959390797
3	26	0.3269073450634374	0.42804270077088696
3	27	0.3241165142563403	0.4243680889530654
3	28	0.3202625678820754	0.4376220025990961
3	29	0.316068867333365	0.432681620647545
3	30	0.3081151867672233	0.45141865223540856
3	31	0.3078252219269217	0.44241772212956904
3	32	0.3042028240090171	0.42473252733688893
3	33	0.30283395236363164	0.4298577267057904
3	34	0.29977625202713737	0.42901054767121694
3	35	0.29437358487831833	0.434115854990356
3	36	0.29586286749800467	0.43424411855190465
3	37	0.2888072128793423	0.42799094693188955
3	38	0.28758904984653066	0.42510023244488787
3	39	0.28416731964151765	0.42231181498235193
3	40	0.28144137442849126	0.4238361745230301
3	41	0.28245654798719433	0.4307943767351312
3	42	0.2780983699247984	0.4212988742985911
3	43	0.2784025021538016	0.4240851315403153
3	44	0.27275487576974433	0.4478027378291208
3	45	0.27120922888184135	0.43682153617745995
3	46	0.27330707590756437	0.4246971735158152
3	47	0.2639595945067718	0.4280595252876147
3	48	0.2676270574062162	0.4215665680780849
3	49	0.26394987969268385	0.433177974167224
3	50	0.26292343267422824	0.4196859359635902
3	51	0.2623130290073931	0.4330510110084244
3	52	0.2573619495900322	0.4197360725790368
3	53	0.2608848561755479	0.433649529837888
3	54	0.2625034377373781	0.4196110887999248
3	55	0.2582265835008202	0.41747789553534437
3	56	0.2561508758095231	0.4232448674870043
3	57	0.25573173296372004	0.4279315456379429
3	58	0.2529226628047698	0.4168481242846263
3	59	0.25018334644983736	0.4284348760339902
3	60	0.25336591603360925	0.4507531604265577
3	61	0.2506496995471017	0.4131639408138531
3	62	0.24952956082823702	0.42617899474322585
3	63	0.25103475394193264	0.4221995073262036
3	64	0.2451358067232298	0.4239061911830633
3	65	0.2458027583222601	0.4153647001556289
3	66	0.24550531579903354	0.44408685479694876
3	67	0.24284509260208878	0.41802494983475114
3	68	0.24578137099333355	0.4141058916021994
3	69	0.24206656413858527	0.4254168297292487
3	70	0.2444303039158612	0.4155192333322953
3	71	0.24070320994796873	0.4237110601613041
3	72	0.24203249427457393	0.41866107327146157
3	73	0.24121830150818516	0.42106130858718716
3	74	0.23904458590767455	0.4247681667547765
3	75	0.2415290034146088	0.4201572381038969
3	76	0.23895030192267347	0.4152610721099503
3	77	0.2372268412728777	0.4299460175601838
3	78	0.2378225776702926	0.4231684737091772
3	79	0.23385866595674226	0.4277971464837819
3	80	0.23590009389529287	0.4123042003110104
3	81	0.23638110397976664	0.427851924942576
3	82	0.2362081667530476	0.43213356152018895
3	83	0.23401183526470093	0.4265368672963166
3	84	0.2338320868982724	0.4180024955487504
3	85	0.23029687383453848	0.42208793364438907
3	86	0.2339091992432059	0.41706865388807896
3	87	0.23127491296531175	0.4242269485767654
3	88	0.23147466042765366	0.41776122645122843
3	89	0.22991549130053815	0.42476266880549307
3	90	0.23044289407493276	0.41804004837051295
3	91	0.22825634123521268	0.42641329117672183
3	92	0.2314079733727069	0.4138096805806716
3	93	0.2282658934645855	0.4194480761517063
3	94	0.22781544277304802	0.42356926550292295
3	95	0.23003250657400526	0.41641182928961495
3	96	0.22809458328290316	0.4169609494007097
3	97	0.22865760390155682	0.41575953954100187
3	98	0.23321364193125055	0.42878070673757224
3	99	0.23083683942866223	0.41445571368448303
3	100	0.2271749458396767	0.4251034514642857
3	101	0.2244328399692323	0.4250308886538967
3	102	0.2291879736656388	0.42018541704218293
3	103	0.22490481836893159	0.41656842153822154
3	104	0.22477103264005596	0.4318145019637401
3	105	0.2244245286666743	0.416225383801932
3	106	0.22660681914536682	0.43547318138629726
3	107	0.22552950747828882	0.42195423889918376
3	108	0.22398489660136972	0.42871020823822426
3	109	0.2261959093110581	0.4150222389837036
3	110	0.22167294693896478	0.4390318534820745
4	1	0.8555870350665282	0.6249454892355646
4	2	0.6190095666604366	0.5120154529704644
4	3	0.5583198806047908	0.47654359395428175
4	4	0.5279378149384932	0.47980610620849123
4	5	0.5037158541425237	0.4706457068768491
4	6	0.4885787477926689	0.4621881666221383
4	7	0.4751169117972764	0.4548892190831289
4	8	0.4611557617309658	0.4338558528427522
4	9	0.4481799905563178	0.4358366867889364
4	10	0.44708076293767085	0.43210401873074655
4	11	0.42450913673388896	0.4501809049726796
4	12	0.4173315712047831	0.43562484924869066
4	13	0.41066906042762674	0.4211090730483456
4	14	0.4044900516528544	0.42260962313982287
4	15	0.3939184046020965	0.4365923377313378
4	16	0.38957793853261397	0.44413783293309567
4	17	0.37971120492401994	0.42131392863108497
4	18	0.3787007303444086	0.4110912435783514
4	19	0.36781884823762345	0.4213637811240375
4	20	0.36305649166112797	0.41347650630735255
4	21	0.3575626944777167	0.437513870822246
4	22	0.3526684654241082	0.4119945726104002
4	23	0.34719197833519333	0.41114953939569293
4	24	0.3466205626293215	0.41822745543065426
4	25	0.33570616811069265	0.41154012578957494
4	26	0.33267663914196904	0.4073030865971697
4	27	0.32963314993525655	0.4308948146159573
4	28	0.3279871659380434	0.4158754034935375
4	29	0.3183691397420462	0.40682689361142604
4	30	0.31964223113746143	0.4090561297040946
4	31	0.3166385034474383	0.4056186402749678
4	32	0.31336760137143865	0.40657641767613034
4	33	0.30970360104083827	0.414008075114695
4	34	0.3044672229937539	0.4028533326442166
4	35	0.3031660314045282	0.4082867237788628
4	36	0.29957047472537895	0.409381594916957
4	37	0.2968910340560526	0.40765594614689427
4	38	0.2926748859259864	0.4083232118257785
4	39	0.290535933245595	0.39694552102484887
4	40	0.2872107553865847	0.4023653065042024
4	41	0.2872492508749939	0.4062188078152417
4	42	0.28692170308298065	0.4136524942338256
4	43	0.2829126579870558	0.4018556063356332
4	44	0.2780040152016976	0.41442746966550714
4	45	0.2771309718788021	0.5353395876214698
4	46	0.2812351402660234	0.4105134885955615
4	47	0.27090641539682814	0.398848896576322
4	48	0.27209628898464655	0.4040146761248053
4	49	0.2700904424214157	0.40132327472573875
4	50	0.2726488554997214	0.41942142692555806
4	51	0.2735603676211567	0.4015271175034055
4	52	0.2638527170396993	0.410046682393593
4	53	0.2677271621200118	0.42378468232314914
4	54	0.2635868421116201	0.3989609778717213
4	55	0.2637348866224008	0.3972303311310893
4	56	0.262375570181355	0.3932619821477695
4	57	0.2576825504630371	0.41561052013623
4	58	0.2571771604304787	0.40457464791439446
4	59	0.26046176672473254	0.41352631235923026
4	60	0.258856152058888	0.39704275157552726
4	61	0.2527448479883288	0.4040835582430708
4	62	0.254952316447759	0.4016967464778112
4	63	0.2499458350571736	0.3960254853163507
4	64	0.2517715913521855	0.4052172374809589
4	65	0.2504807235559717	0.4119970817711244
4	66	0.2505029136900767	0.4146137600863359
4	67	0.24760275408420837	0.40370900713091606
4	68	0.24501607376931459	0.3972946485445272
4	69	0.24747150871371773	0.40364751862131665
4	70	0.24529530940205152	0.3961809817767396
4	71	0.24170327534687766	0.4060468569977123
4	72	0.24564474697060618	0.41389385334383894
4	73	0.242652197950931	0.40234364953563406
4	74	0.2396506658215171	0.4048861219899815
4	75	0.2405503485914909	0.4068120411027868
4	76	0.24203981064526203	0.4090325968214985
4	77	0.2396221813187442	0.4105661983730094
4	78	0.239686699292334	0.40190151576018585
4	79	0.23990474715916651	0.4004585741897354
4	80	0.23754141430879136	0.3983813510556103
4	81	0.2390961783379024	0.4098647717557611
4	82	0.23412242575654996	0.4135031600091146
4	83	0.234839957676942	0.4071895965101862
4	84	0.23784247636912054	0.41491944208583226
4	85	0.23409779701845573	0.40749116931702983
4	86	0.2365435826682464	0.406347163679743
5	1	0.8675461596819201	0.6095465763402912
5	2	0.6202051300112295	0.5275360108896194
5	3	0.5589710727398378	0.5398327629262903
5	4	0.5273383768472102	0.5985023820568732
5	5	0.5124428521828601	0.5008153904347875
5	6	0.4913010609339488	0.498949495094825
5	7	0.47594698133845864	0.4923280289548025
5	8	0.46425552779101464	0.4607782513429756
5	9	0.4467499849079729	0.44689351014871903
5	10	0.4382411222107793	0.45522531751187867
5	11	0.42995536606429746	0.44763167339373816
5	12	0.41842127151708297	0.4386578376006743
5	13	0.4101603291855637	0.4459845432649653
5	14	0.4019425887223969	0.4366512773525589
5	15	0.39232771778438996	0.4274972564024133
5	16	0.38579620003793863	0.43575565606460975
5	17	0.38062909851600296	0.4239472256111172
5	18	0.3753143102398656	0.43692117571409517
5	19	0.36494888881865695	0.4281806652516443
5	20	0.3598631381356674	0.4113262871760783
5	21	0.35592476329150086	0.4218032764461773
5	22	0.34977606906287567	0.4155336714780794
5	23	0.3661618755203769	0.423996726110209
5	24	0.3368010262373292	0.4147413151845494
5	25	0.33599459064863313	0.423457398958004
5	26	0.33019117639492573	0.4484859776054591
5	27	0.3288691362031872	0.41059363973014346
5	28	0.32367775938208543	0.4166155678118076
5	29	0.31825246719236133	0.41355682498785296
5	30	0.31596426970007657	0.4234746645596339
5	31	0.31203626770808457	0.41733684677749133
5	32	0.3099534995839275	0.41190762538791964
5	33	0.30778639223594784	0.42964983302375875
5	34	0.3037231996491651	0.42454661771181196
5	35	0.3020662025822393	0.4134575679319065
5	36	0.29739083663582755	0.4006663389214357
5	37	0.29569452245725947	0.4466117651534165
5	38	0.2924337226898941	0.42929161411081523
5	39	0.2874487391495686	0.41598969666359703
5	40	0.2847804071028466	0.43494211332115607
5	41	0.2867596861359696	0.4095332808924227
5	42	0.2859920520214039	0.41160936487753064
5	43	0.27856760880714965	0.4107932017675137
5	44	0.27574427018375736	0.40778754867429023
5	45	0.2780325757577272	0.43036255824902875
5	46	0.27602768058420213	0.41316011937683966
5	47	0.27204279514986907	0.40769702901688565
5	48	0.27539052417875504	0.40330153071838215
5	49	0.26776750348025696	0.41187052018019
5	50	0.2677264595071521	0.4042375137759603
5	51	0.2644523761268452	0.41112495900885376
5	52	0.2734480037594899	0.4018872905219823
5	53	0.26087373222177246	0.4203480453668129
5	54	0.26329761467110563	0.4178397518585933
5	55	0.2607010335262542	0.4288366478555194
5	56	0.26027699672841165	0.4366289107622612
5	57	0.25909811845996306	0.4077571145531988
5	58	0.2549111500797807	0.4266518946249999
5	59	0.25769399406924454	0.43636006933008403
5	60	0.2551189021217996	0.4070975674651958
5	61	0.2527344946416397	0.408154882885542
5	62	0.25220666253009777	0.4109103367417103
5	63	0.2515246332025219	0.4020896450790837
5	64	0.2508922664614626	0.41089545279846595
5	65	0.24890381519612864	0.4104767430692174
5	66	0.249186668087208	0.4191310636356947
6	1	0.8355492822530459	0.570547442764781
6	2	0.6076740324497223	0.5183018718191255
6	3	0.5552987668518464	0.5405723251955248
6	4	0.5288991017766592	0.5034783470967633
6	5	0.5087391818019049	0.4819639167179067
6	6	0.4884003223416194	0.4816592499982342
6	7	0.4717210491627022	0.4670303785126959
6	8	0.46096155223516	0.4565795140321179
6	9	0.4494366527984411	0.457838351492747
6	10	0.43331568186475944	0.46819193129404696
6	11	0.4269123587671054	0.4419789840812818
6	12	0.4194165059560226	0.45208925630094304
6	13	0.4070597551689927	0.4315493968792602
6	14	0.3977501201697504	0.4381512778913174
6	15	0.39230972645759676	0.43951157425191295
6	16	0.38490235061330985	0.43166302776378795
6	17	0.3796434572129611	0.43301636675642574
6	18	0.3807504472015978	0.416760692958697
6	19	0.36470625015113883	0.4277912211923633
6	20	0.35695142588535383	0.4335822421965245
6	21	0.35469590410046076	0.43009168899522654
6	22	0.34883698495196325	0.4268671745440985
6	23	0.34655156203015064	0.4157195735735944
6	24	0.34065363492083917	0.4411440663329283
6	25	0.33728398052696906	0.43971588054520505
6	26	0.33287960179164733	0.41808712082279864
6	27	0.3253015150328126	0.4151495317056407
6	28	0.32158004163139514	0.42604129874664143
6	29	0.3196619087175664	0.4319660331882773
6	30	0.3149611200708757	0.41617026846105554
6	31	0.3114118384856264	0.41892543972170393
6	32	0.3204155046570334	0.41911487291853333
6	33	0.3039176456972483	0.4147600325173287
6	34	0.29995696562257146	0.42284694819484075
6	35	0.3007064550108754	0.41765170673388896
6	36	0.2981423399391762	0.41469062496200465
6	37	0.296441006839486	0.40906287824517845
6	38	0.29141223676353517	0.4115250002684947
6	39	0.2892966196145738	0.421599814569571
6	40	0.28607173699009497	0.4142889860662049
6	41	0.28924452583077004	0.41874073135136713
6	42	0.28107291031197373	0.423228424081954
6	43	0.27939213113511924	0.41064444468636396
6	44	0.2790670280608421	0.42056643183576764
6	45	0.2770632792645967	0.43371836525180735
6	46	0.2758250882579244	0.41415732683014955
6	47	0.27229739886770354	0.41169116277471446
6	48	0.2708463125021541	0.42274590937071893
6	49	0.2694484813012326	0.4108052981405292
6	50	0.2704287189909838	0.4082889269392398
6	51	0.26588798199956165	0.4163253258374049
6	52	0.2645320221810983	0.4133000304599954
6	53	0.2642526177124131	0.4095228662444509
6	54	0.2635861489238765	0.4128844275175472
6	55	0.2589871441827693	0.431155590465549
6	56	0.2586538989197801	0.41578041053913506
6	57	0.25742335190750076	0.42517835286185934
6	58	0.2623518621267456	0.4216000098642949
6	59	0.2555273012362324	0.40556328304032974
6	60	0.2526496128008372	0.41168017701209647
6	61	0.2555234713686837	0.41344078664434253
6	62	0.254024112410624	0.42010076949537434
6	63	0.2517371659021215	0.4289130733312229
6	64	0.25068922064727456	0.41610971014196374
6	65	0.25095387093918814	0.4062494228564387
6	66	0.2481373884237229	0.41460079328542043
6	67	0.24657754367784188	0.408280332181142
6	68	0.24755728572408126	0.41503040339837227
6	69	0.24492561207549637	0.41564250724265095
6	70	0.2462501177102807	0.41570592052944977
6	71	0.24522658483416696	0.40882868564592234
6	72	0.24342221498465977	0.4106904553124424
6	73	0.24694914005413027	0.423622589650508
6	74	0.2404620379537145	0.41325730996291965
6	75	0.24362021069469103	0.4120892420569073
6	76	0.2403874056867913	0.4206927550344501
6	77	0.24013174387827826	0.4143472129590941
6	78	0.2384696180387764	0.41181337633318277
6	79	0.23837764026735359	0.41028276586069234
6	80	0.23931351839665296	0.4083267764415421
6	81	0.2416160313795022	0.4257138101351135
6	82	0.23712989251474142	0.4182640177201045
6	83	0.2339443982255941	0.41371431109551404
6	84	0.23481719101357562	0.4220162551099757
6	85	0.23201132881954972	0.4176276420430665
6	86	0.23561043147192218	0.4129355862578739
6	87	0.2328241090047088	0.4087971053991217
6	88	0.2336962977325537	0.4109813817398287
6	89	0.22986564283856328	0.4224775429854545
7	1	0.84238217951833	0.5702043549542714
7	2	0.6115179300940079	0.5268456299292326
7	3	0.5574624437734946	0.5150097172588847
7	4	0.5283126870428387	0.5680207247868865
7	5	0.507253649459898	0.4785217751251935
7	6	0.48934081555419123	0.4578565241170014
7	7	0.474070926273295	0.44322702235973344
7	8	0.46317460544445394	0.4371192655378011
7	9	0.44511712733604974	0.43894832494402103
7	10	0.438788793398953	0.4703459721256061
7	11	0.42585241339419183	0.45065256284530086
7	12	0.4178334483573331	0.43689391432928953
7	13	0.40856526502158347	0.43686104147257315
7	14	0.39936681457440154	0.4255787545400458
7	15	0.39547808497594206	0.42942668713444954
7	16	0.3851072688107637	0.42011035415393305
7	17	0.3760680653034915	0.4129674295654566
7	18	0.3716863551980428	0.45268360901847743
7	19	0.36637261348129674	0.4338319110996732
7	20	0.3703777394343415	0.4255859961884603
7	21	0.3526600986063878	0.4287383999715003
7	22	0.3449460929563151	0.40980486792936766
7	23	0.3437894659565157	0.4376910310962596
7	24	0.3357627220279243	0.4289187441445071
7	25	0.335707931534702	0.41606635229115774
7	26	0.32997273843593583	0.416576334528704
7	27	0.32672145995477814	0.4138336508623703
7	28	0.3266382466081689	0.4230782003684937
7	29	0.31707440685257055	0.4193209527132789
7	30	0.31774746252477615	0.40818763116223233
7	31	0.311764024022541	0.40906451516143005
7	32	0.3111588114241455	0.40993969811146336
7	33	0.30496238832280453	0.4301222268979035
7	34	0.30446818956544364	0.4219619840804764
7	35	0.2978902718817949	0.412393639555247
7	36	0.2987696125424746	0.3947556730188666
7	37	0.29377457199959744	0.4186960624089932
7	38	0.29190016973765165	0.40277521470199623
7	39	0.2877967371267106	0.40706368080297545
7	40	0.2903765007929564	0.4038369195410725
7	41	0.28142113502136995	0.4100877547327284
7	42	0.2838052980247834	0.40817106570456135
7	43	0.28598227422402145	0.41855324710005165
7	44	0.27722070190629916	0.4064814482055368
7	45	0.2749640332351351	0.42417006784319455
7	46	0.2737890141802205	0.42324648397339526
7	47	0.27452682286887065	0.40515190394522865
7	48	0.27010577937575664	0.40264392973256197
7	49	0.2717598446991849	0.4301996777630526
7	50	0.26587807629615784	0.4153204887262924
7	51	0.2670967266735817	0.397221105943299
7	52	0.26509472881935603	0.4181890742517613
7	53	0.2621764544153335	0.4160210907775185
7	54	0.26415702721969164	0.4227390243497417
7	55	0.25881443220082107	0.4016099007727822
7	56	0.26378366271268633	0.4079708694463905
7	57	0.25633381396637367	0.40021310599237786
7	58	0.2564936592227157	0.40344191292570675
7	59	0.2561440548395521	0.4066431213288762
7	60	0.2524814542937288	0.4280005818752855
7	61	0.2521524629407552	0.3998840611836093
7	62	0.24897523121092896	0.39827365831014544
7	63	0.24678515456543748	0.40869116040716746
7	64	0.25049584321195023	0.4140665630675036
7	65	0.24986105491226215	0.39719718025977535
7	66	0.2472894209468884	0.40715269202057125
8	1	0.8421644146389993	0.5621190837752271
8	2	0.6112061111094861	0.525663564356814
8	3	0.5567731841562026	0.5544137106978009
8	4	0.5245278012029414	0.5279878136757827
8	5	0.5061387558532408	0.4960700036042992
8	6	0.49201911794914654	0.5238849226872407
8	7	0.47679034933816417	0.46374664763679774
8	8	0.45985172531583235	0.49874968531906816
8	9	0.45063099094264686	0.44959876083443107
8	10	0.4380462181874711	0.4436981387357409
8	11	0.427690437413872	0.4808665481873199
8	12	0.4178650096310416	0.44134169901217674
8	13	0.4098664592084203	0.43473963349952294
8	14	0.3991005876436859	0.4276927523183317
8	15	0.39272410225402526	0.42748444972316285
8	16	0.38537105615168493	0.45978581347229625
8	17	0.38947489238108285	0.4234989939435211
8	18	0.3690364374674953	0.41593655375204325
8	19	0.3625818375844697	0.42873817450587404
8	20	0.36116095630852063	0.44286003708839417
8	21	0.35998423190434214	0.4218658951798934
8	22	0.3515063741766896	0.4340682095541971
8	23	0.3453140266219166	0.4147310867747654
8	24	0.3449174626099628	0.4099711471437987
8	25	0.3393552280087821	0.4225238381026069
8	26	0.33199063443089166	0.4113920213582238
8	27	0.32962148795419927	0.419356927907509
8	28	0.3238413152294062	0.42735410128907686
8	29	0.31977935118690676	0.4234218775910118
8	30	0.3142515192803655	0.4259130383706767
8	31	0.3171372622994521	0.4303933909630186
8	32	0.3078918685609329	0.4235305328040578
8	33	0.30823572541645194	0.4213431981974693
8	34	0.3046120771436912	0.4191892479312715
8	35	0.30262800784358146	0.4184312729869209
8	36	0.29441648019637884	0.43355237584653256
8	37	0.2967047722820773	0.42049278076672303
8	38	0.2932904490891699	0.4305356320770385
8	39	0.2932855963274035	0.41970850532551957
8	40	0.2887741105581996	0.4371257633918587
8	41	0.28734735841780584	0.42036800381362227
8	42	0.2812272473163449	0.4287268951166645
8	43	0.28130364846284595	0.4208766281499458
8	44	0.2811938877995219	0.418630660949242
8	45	0.27843868636504593	0.41713582095114166
8	46	0.2730798595294234	0.41550607489612834
8	47	0.2753224646900044	0.4398021352585971
8	48	0.27393631498732657	0.423557941252267
8	49	0.2695317987892316	0.432105689108793
8	50	0.27636897494898716	0.4266813569587027
8	51	0.2669093257535145	0.42177599910712493
8	52	0.26524698007361863	0.41750989754292656
8	53	0.26521729665629573	0.4248611897546074
8	54	0.2643167706777594	0.4208113830207515
9	1	0.8581365669854819	0.5730658988649348
9	2	0.6124160226754782	0.5442551338103971
9	3	0.5607848617321003	0.536395800619159
9	4	0.5317921203681427	0.4969018589270831
9	5	0.5089428530260774	0.4864376623301961
9	6	0.4888545003213927	0.4627866174222724
9	7	0.47349467937343487	0.48027928421017135
9	8	0.46449752343861694	0.47073395276448754
9	9	0.4437938086077144	0.46606920764850646
9	10	0.4321973720250244	0.43930635193211454
9	11	0.4294240622951978	0.43417968387738554
9	12	0.4155425597691611	0.4387765065520054
9	13	0.406835314938027	0.45393071252549916
9	14	0.40110294514419426	0.4330855347874308
9	15	0.3931240548233823	0.42623327756728385
9	16	0.3854998334230139	0.43882486234705353
9	17	0.3783530936107291	0.41808643405302676
9	18	0.3736461086522658	0.44117126995598893
9	19	0.361687310420278	0.4249376083852546
9	20	0.36066294763958306	0.42159310199136024
9	21	0.3518696643549599	0.431606296410409
9	22	0.35094217326554966	0.42980901781114167
9	23	0.3412285199587047	0.4157030654564342
9	24	0.3349426892583493	0.44010824970769374
9	25	0.3335819730617788	0.42579268403482945
9	26	0.33021185984436463	0.42089809577372383
9	27	0.3265065309472022	0.4216226487825279
9	28	0.3231712646656613	0.4269093793188304
9	29	0.31765735092926456	0.42392756150173216
9	30	0.31482296267068755	0.4143028705785637
9	31	0.31162301703123285	0.420444978947353
9	32	0.3075173190869113	0.4406970835721956
9	33	0.30354537542808463	0.41769438708207635
9	34	0.3012156015752716	0.4179272864395654
9	35	0.3021387266566298	0.4236918927397408
9	36	0.295848000860467	0.4111312059126136
9	37	0.29602475693682667	0.4252716671451663
9	38	0.2929138176649236	0.43742216665416217
9	39	0.2894939964232746	0.41078637561402137
9	40	0.2876175884457256	0.4163279017900831
9	41	0.28409003584839854	0.41813551989966485
9	42	0.28265985165524116	0.4213468165469254
9	43	0.2809166281824492	0.4149577974114738
9	44	0.27921596264249443	0.4257036273765901
9	45	0.2761972880902878	0.41493359234434135
9	46	0.2740936975912997	0.4382498896164102
9	47	0.2713534051986081	0.4134189379615413
9	48	0.2702405627481976	0.4306787054446055
9	49	0.26792531265410247	0.41520680455563347
9	50	0.2668810145213504	0.4261482075225338
9	51	0.2692985840852606	0.4118791714889843
9	52	0.2595636182156412	0.41669466001616773
9	53	0.2648218527763883	0.4186976281893127
9	54	0.26042072501576174	0.4177505972107392
9	55	0.2614085189837262	0.43123514307893207
9	56	0.25814141916103067	0.42143848038183085
9	57	0.25947382908078986	0.4164623667094396
9	58	0.25652975309091686	0.43124803216213053
9	59	0.2539463449089631	0.40975990159562115
9	60	0.2565130753977232	0.429828973993817
9	61	0.2536640456659353	0.436035678580456
9	62	0.2503261632769773	0.42246149111762904
9	63	0.25263480804085403	0.4180241257162903
9	64	0.2504833875817086	0.4375502907345236
9	65	0.2506975462366938	0.4191083784343497
9	66	0.2479919951495396	0.4219459217344493
9	67	0.24767885490239813	0.41346782961919537
9	68	0.24598402099067387	0.4470169245670204
9	69	0.24902126813782025	0.4168044148085395
9	70	0.24463480318416367	0.41099175626523926
9	71	0.2434360037335097	0.41046586756466136
9	72	0.24440445659684348	0.42274069501738665
9	73	0.2444421444037029	0.4183072188191195
9	74	0.24058435104339787	0.43311798388250305
9	75	0.244196603049074	0.43224370290028336
9	76	0.24134633552047566	0.4170521337130887
9	77	0.2390868612303657	0.4176554756219311
9	78	0.23835144805402722	0.41755136057681835
9	79	0.2405874166838038	0.4362985558097017
9	80	0.24034406824244392	0.4193641247471314
9	81	0.2382826026650471	0.41539978875709505
9	82	0.23504015429784234	0.4220600003383185
9	83	0.23607317317887105	0.42838152258429846
9	84	0.23419253521975134	0.4296672043025283
9	85	0.2341005946836801	0.4219237732381787
9	86	0.23314888741415904	0.4237526092849435
9	87	0.23332261264874132	0.42027697209334625
9	88	0.23408714341366108	0.4124776941095561
9	89	0.23499869141313764	0.42804780460288583
10	1	0.8456663388362528	0.5442452369646134
10	2	0.6184201564012344	0.5638903093001025
10	3	0.5625532328860171	0.5241044434346916
10	4	0.5277528170456735	0.5659755013435552
10	5	0.5064735328643333	0.48343073595117764
10	6	0.48580644117367705	0.47593625648072246
10	7	0.47540049521090894	0.45750738664566415
10	8	0.4603698322725708	0.44602542673319895
10	9	0.44684581565047227	0.4657682574785219
10	10	0.4364747723552073	0.43147929739404484
10	11	0.42457626842497653	0.43105787017741387
10	12	0.4289485367902082	0.46945876314867513
10	13	0.403303475492507	0.4366305660548564
10	14	0.4005568434045883	0.42831324104074875
10	15	0.3934594662366402	0.43920846330824675
10	16	0.3875257388564667	0.44345355233960776
10	17	0.38193826395235764	0.42587919822851256
10	18	0.3741818686525261	0.414397946305494
10	19	0.36675358043261774	0.43481200291074207
10	20	0.36256639189904094	0.42218657927883807
10	21	0.3575648424037541	0.42522803354389677
10	22	0.34933071391906373	0.41535327754677814
10	23	0.35071989875191745	0.4203777249520743
10	24	0.3401460451328806	0.4161470133297856
10	25	0.34012883480069306	0.4052148141203836
10	26	0.33516805196889576	0.4254500383623076
10	27	0.3320493527461746	0.43528343479119425
10	28	0.32479267468230605	0.41444463733017656
10	29	0.32436836047831547	0.41336396562968886
10	30	0.31897934551069584	0.4199921274458983
10	31	0.3173187722850183	0.41116462358316347
10	32	0.31182402320291	0.41659232952990716
10	33	0.31796355073972454	0.41459433908176085
10	34	0.30445016127827124	0.4049025589712096
10	35	0.30205921895881005	0.417904620351724
10	36	0.30203298292395925	0.4210888016244969
10	37	0.3003587045936805	0.4133673658324636
10	38	0.29711385281602215	0.4232303188988682
10	39	0.29182440277099797	0.42188679992942
10	40	0.292075326387607	0.40945858921684564
10	41	0.2892722348120571	0.41178831363314033
10	42	0.28254795439532565	0.41324027493438115
10	43	0.2843427929630877	0.4196182500979083
10	44	0.28003646790524955	0.41039385048955573
10	45	0.2776750823915075	0.4193166070502554
10	46	0.2768462479997954	0.4000555040453011
10	47	0.27845988797355176	0.41352423109351116
10	48	0.27497412353274303	0.4097455710488579
10	49	0.2722862417914608	0.41025025842467805
10	50	0.2765062390195888	0.41307517304332014
10	51	0.26554979909318166	0.41068127087906475
10	52	0.26599548273826984	0.4078728155933926
10	53	0.2646531735418542	0.41356893094394737
10	54	0.26794715503886674	0.4013717292475616
10	55	0.2650082765851341	0.4134394751841946
10	56	0.2642409626349169	0.41303503766076727
10	57	0.2598743572491826	0.39827869074294087
10	58	0.25762423512265875	0.4026893133514762
10	59	0.2609717258499752	0.4057393953362118
10	60	0.2562202403009593	0.4222724438240166
10	61	0.2543915649477435	0.4134297094475675
10	62	0.25949394693258093	0.41297277323770015
10	63	0.2520373197668058	0.4075117390273738
10	64	0.2553644879634445	0.40823277989040413
10	65	0.25300091806057623	0.40577472635798234
10	66	0.25234496725111044	0.41118697890544526
10	67	0.24876483832568247	0.41387267179076326
10	68	0.2513050447445923	0.41303353422311506
10	69	0.24845643180945737	0.4080836974584593
10	70	0.24727690899996932	0.40714147365767206
10	71	0.2456362146166057	0.4477848634387074
10	72	0.24784902061698105	0.4193847871290079
10	73	0.24562998249114706	0.4055243777407353
10	74	0.24656072111224772	0.4060733734297668
10	75	0.24330117339637639	0.41096057834979083
10	76	0.24228239920930766	0.4063162386628006
10	77	0.24284167282654812	0.4056645054699254
10	78	0.2421202697898296	0.410557052377256
10	79	0.2400043085773271	0.40193247373870744
10	80	0.24059072935468878	0.4132011419050264
10	81	0.23896442614656643	0.41614647309687447
10	82	0.23941894785932902	0.40055117084786246
10	83	0.23913626167755012	0.406780281515509
10	84	0.23959613673631752	0.4057789230093939
10	85	0.2362943578512939	0.4142568032438258
10	86	0.2383739416025693	0.4343246180998563
10	87	0.23923044329385548	0.40969044422934836
